Node_num: 23	Edge_num: 76
Link_index	Source	Destination	Weights	Bandwidth
0	0	1	4	250
1	0	2	4	250
2	0	3	4	250
3	0	4	4	250
4	5	6	2	500
5	5	7	4	250
6	1	0	4	250
7	8	9	4	250
8	8	10	4	250
9	8	11	32	31
10	8	12	4	250
11	13	4	4	250
12	13	2	4	250
13	10	14	4	250
14	10	15	2	500
15	10	8	4	250
16	10	9	4	250
17	14	8	4	250
18	14	15	9	111
19	14	4	5	200
20	0	6	20	50
21	13	16	4	250
22	6	5	2	500
23	6	10	9	111
24	6	0	20	50
25	17	18	2	500
26	11	10	5	200
27	11	7	18	55
28	11	19	4	250
29	11	8	32	31
30	15	18	4	250
31	15	4	2	500
32	1	4	9	111
33	10	6	9	111
34	10	2	4	250
35	7	5	4	250
36	10	11	5	200
37	2	20	4	250
38	7	11	18	55
39	19	11	4	250
40	19	21	2	500
41	19	12	8	125
42	15	14	9	111
43	3	0	4	250
44	15	10	2	500
45	21	19	2	500
46	12	19	8	125
47	2	0	4	250
48	2	13	4	250
49	2	14	5	200
50	2	10	4	250
51	20	2	4	250
52	20	16	4	250
53	12	8	4	250
54	12	11	5	200
55	8	14	4	250
56	18	15	4	250
57	18	22	2	500
58	14	10	4	250
59	9	8	4	250
60	9	10	4	250
61	9	12	2	500
62	11	12	5	200
63	12	9	2	500
64	18	17	2	500
65	14	2	5	200
66	22	18	2	500
67	16	4	2	500
68	4	0	4	250
69	4	15	2	500
70	4	13	4	250
71	4	1	9	111
72	16	20	4	250
73	16	13	4	250
74	4	16	2	500
75	4	14	5	200
