Node_num: 44	Edge_num: 166
Link_index	Source	Destination	Weights	Bandwidth
0	0	1	5	200
1	0	2	13	76
2	0	3	12	83
3	0	4	18	55
4	5	6	9	111
5	5	7	6	166
6	5	3	8	125
7	8	6	4	250
8	9	3	5	200
9	11	12	4	250
10	11	5	5	200
11	11	13	2	500
12	11	6	15	66
13	14	3	2	500
14	15	16	4	250
15	17	1	14	71
16	17	18	6	166
17	14	19	2	500
18	2	0	13	76
19	2	20	11	90
20	2	21	12	83
21	22	7	9	111
22	22	23	4	250
23	22	24	2	500
24	25	20	2	500
25	27	28	2	500
26	20	28	2	500
27	29	18	4	250
28	8	19	11	90
29	8	4	2	500
30	1	0	5	200
31	1	17	14	71
32	1	8	4	250
33	1	6	12	83
34	1	30	2	500
35	8	3	31	32
36	10	26	15	66
37	10	4	13	76
38	19	31	4	250
39	19	3	8	125
40	19	6	13	76
41	19	4	16	62
42	19	8	11	90
43	2	32	4	250
44	2	33	13	76
45	4	20	10	100
46	4	8	2	500
47	4	6	15	66
48	4	34	10	100
49	4	19	16	62
50	20	25	2	500
51	20	2	11	90
52	20	4	10	100
53	20	8	27	37
54	12	11	4	250
55	8	26	18	55
56	8	1	4	250
57	8	28	9	111
58	8	31	13	76
59	28	26	24	41
60	28	8	9	111
61	28	6	13	76
62	28	27	2	500
63	4	32	7	142
64	4	28	12	83
65	4	10	13	76
66	4	18	22	45
67	4	0	18	55
68	26	6	12	83
69	26	8	18	55
70	26	18	13	76
71	23	22	4	250
72	0	18	6	166
73	28	4	12	83
74	28	32	13	76
75	35	21	4	250
76	3	6	7	142
77	3	9	5	200
78	3	0	12	83
79	3	19	8	125
80	3	5	8	125
81	3	26	9	111
82	13	11	2	500
83	26	10	15	66
84	26	28	24	41
85	30	1	2	500
86	20	19	2	500
87	15	36	4	250
88	22	36	6	166
89	3	37	4	250
90	3	14	2	500
91	3	38	2	500
92	26	34	4	250
93	19	14	2	500
94	16	36	4	250
95	6	3	7	142
96	26	3	9	111
97	8	39	4	250
98	8	0	15	66
99	8	20	27	37
100	12	23	4	250
101	31	19	4	250
102	32	2	4	250
103	32	4	7	142
104	7	40	4	250
105	7	5	6	166
106	7	22	9	111
107	32	28	13	76
108	31	8	13	76
109	6	11	15	66
110	18	26	13	76
111	18	0	6	166
112	18	4	22	45
113	18	29	4	250
114	36	15	4	250
115	36	22	6	166
116	34	26	4	250
117	34	41	4	250
118	34	6	15	66
119	34	4	10	100
120	38	3	2	500
121	40	7	4	250
122	37	3	4	250
123	6	26	12	83
124	6	8	4	250
125	6	1	12	83
126	6	28	13	76
127	6	31	17	58
128	6	4	15	66
129	41	34	4	250
130	21	35	4	250
131	21	18	14	71
132	35	18	4	250
133	16	11	4	250
134	16	15	4	250
135	24	22	2	500
136	18	1	13	76
137	21	2	12	83
138	21	42	4	250
139	18	17	6	166
140	18	21	14	71
141	18	33	4	250
142	1	18	13	76
143	6	19	13	76
144	6	5	9	111
145	43	0	2	500
146	5	11	5	200
147	36	16	4	250
148	7	11	5	200
149	11	7	5	200
150	11	16	4	250
151	39	8	4	250
152	31	6	17	58
153	19	20	2	500
154	6	34	15	66
155	18	35	4	250
156	0	8	15	66
157	0	43	2	500
158	2	10	26	38
159	42	21	4	250
160	10	2	26	38
161	3	8	31	32
162	33	2	13	76
163	33	18	4	250
164	23	12	4	250
165	28	20	2	500
