Node_num: 49	Edge_num: 172
Link_index	Source	Destination	Weights	Bandwidth
0	0	1	2	500
1	0	2	2	500
2	0	3	2	500
3	4	5	9	111
4	4	6	4	250
5	4	7	4	250
6	8	9	4	250
7	10	11	4	250
8	7	12	4	250
9	7	13	6	166
10	7	8	4	250
11	7	4	4	250
12	7	14	31	32
13	15	16	10	100
14	17	18	4	250
15	17	1	2	500
16	17	14	4	250
17	17	19	4	250
18	20	21	2	500
19	20	11	4	250
20	21	20	2	500
21	5	4	9	111
22	5	14	4	250
23	22	14	2	500
24	23	11	2	500
25	24	25	2	500
26	26	1	6	166
27	26	19	5	200
28	26	27	39	25
29	27	1	22	45
30	27	3	4	250
31	27	16	8	125
32	27	2	28	35
33	27	14	20	50
34	27	26	39	25
35	25	11	2	500
36	27	18	4	250
37	27	28	31	32
38	8	29	4	250
39	8	1	23	43
40	8	14	4	250
41	8	27	5	200
42	8	3	9	111
43	30	18	2	500
44	9	31	2	500
45	32	18	4	250
46	33	18	4	250
47	9	8	4	250
48	18	33	4	250
49	18	11	2	500
50	18	32	4	250
51	18	34	4	250
52	35	14	2	500
53	13	8	2	500
54	13	7	6	166
55	36	11	4	250
56	36	37	2	500
57	27	15	5	200
58	27	8	5	200
59	14	31	4	250
60	14	8	4	250
61	14	38	4	250
62	18	30	2	500
63	18	39	2	500
64	18	40	2	500
65	18	17	4	250
66	18	1	17	58
67	18	19	11	90
68	18	27	4	250
69	18	14	16	62
70	41	14	4	250
71	41	42	4	250
72	18	43	2	500
73	14	5	4	250
74	40	18	2	500
75	6	4	4	250
76	6	8	33	30
77	6	14	29	34
78	1	0	2	500
79	1	27	22	45
80	1	8	23	43
81	1	14	15	66
82	1	18	17	58
83	1	29	4	250
84	1	17	2	500
85	1	42	20	50
86	1	19	8	125
87	1	28	23	43
88	1	3	2	500
89	1	26	6	166
90	8	31	5	200
91	8	6	33	30
92	8	44	6	166
93	8	38	19	52
94	18	42	4	250
95	8	7	4	250
96	8	12	4	250
97	11	18	2	500
98	14	45	2	500
99	28	14	2	500
100	28	1	23	43
101	28	27	31	32
102	44	8	6	166
103	44	14	8	125
104	44	46	2	500
105	45	14	2	500
106	2	0	2	500
107	2	27	28	35
108	2	14	33	30
109	47	14	2	500
110	38	8	19	52
111	38	14	4	250
112	16	27	8	125
113	37	36	2	500
114	11	20	4	250
115	11	25	2	500
116	11	36	4	250
117	11	23	2	500
118	11	10	4	250
119	16	15	10	100
120	11	48	2	500
121	29	1	4	250
122	29	8	4	250
123	29	3	2	500
124	19	14	21	47
125	19	1	8	125
126	39	18	2	500
127	19	3	11	90
128	19	17	4	250
129	19	26	5	200
130	12	7	4	250
131	12	14	16	62
132	19	18	11	90
133	12	8	4	250
134	31	8	5	200
135	31	14	4	250
136	14	6	29	34
137	14	7	31	32
138	14	12	16	62
139	14	44	8	125
140	14	35	2	500
141	14	17	4	250
142	14	41	4	250
143	14	1	15	66
144	14	19	21	47
145	14	28	2	500
146	14	0	35	28
147	14	27	20	50
148	14	2	33	30
149	14	47	2	500
150	14	22	2	500
151	14	18	16	62
152	14	3	4	250
153	48	11	2	500
154	42	1	20	50
155	42	41	4	250
156	42	18	4	250
157	34	18	4	250
158	31	9	2	500
159	3	1	2	500
160	3	29	2	500
161	3	27	4	250
162	3	0	2	500
163	3	8	9	111
164	25	24	2	500
165	46	44	2	500
166	0	14	35	28
167	8	13	2	500
168	43	18	2	500
169	3	14	4	250
170	3	19	11	90
171	15	27	5	200
